101
0 0 0
4.81 0.39 -0.17
8.75 0.15 -0.13
9.8 0.2 0.01
12.39 0.28 0.18
13.42 0.2 0.1
17.73 1.68 0.45
20.39 3.42 0.8
21.12 4.38 0.94
21.61 5.43 1.26
22.01 6.83 1.19
22.47 8.86 1.49
22.67 11.35 1.34
22.7 12.12 1.42
22.74 12.24 1.54
22.85 13.35 1.53
22.91 13.69 1.31
23.52 18.02 1.28
25.22 21.92 1.38
25.58 23.59 1.22
25.94 24.64 1.46
25.86 26.65 1.87
24.62 29.95 1.7
23.91 33.15 1.69
23.86 35.78 1.8
23.05 39.79 1.89
22.67 40.91 1.99
22.55 41.2 1.93
21.39 42.9 2.07
20.45 46.32 1.61
20.77 50.82 1.61
19.77 54.59 1.97
19.31 55.74 2.09
18.72 57.4 1.89
18.17 58.95 1.84
17.7 59.89 1.94
17.42 61.55 1.79
17.2 62.65 1.68
17.14 65.54 1.69
16.89 69.81 1.64
16.64 72.99 1.63
15.89 76.06 1.89
15.67 77.66 1.82
15.21 80.04 1.66
14.98 81.15 1.93
14.54 85.55 1.72
13.98 90.27 1.51
14.03 90.83 1.71
14.29 93.71 1.31
14.55 94.25 1.04
17.47 97.64 0.71
19.51 99.83 0.99
19.56 99.91 0.87
19.61 99.96 0.65
19.63 99.97 0.62
19.67 99.99 0.43
19.69 100.0 0.1
21.61 99.85 -0.27
23.2 99.2 -0.15
24.2 99.3 -0.15
25.07 99.3 0.23
27.83 99.83 0.17
30.39 99.86 0.06
32.55 99.95 0.29
33.4 99.99 -0.0
33.8 99.91 0.04
36.88 99.38 -0.23
41.23 97.33 -0.35
44.51 96.24 -0.56
45.13 95.85 -0.73
47.25 92.89 -1.16
49.14 90.13 -1.04
49.72 89.29 -0.82
51.55 87.96 -0.76
53.28 85.78 -0.85
53.55 85.45 -0.75
54.76 84.36 -0.61
54.96 84.17 -0.95
55.0 84.11 -1.21
55.14 83.07 -1.27
56.27 80.79 -1.27
56.92 77.04 -1.64
56.9 76.57 -1.73
56.79 74.96 -1.38
56.92 71.79 -1.55
57.22 69.67 -1.34
57.16 67.54 -1.85
56.18 64.26 -1.67
56.03 63.57 -1.99
55.78 62.44 -1.83
54.7 58.53 -1.69
53.68 53.95 -1.66
52.94 51.38 -1.74
52.95 50.49 -1.4
53.55 49.04 -1.24
53.68 48.44 -1.24
55.73 44.59 -1.16
56.42 41.2 -1.6
57.06 38.36 -1.36
57.29 35.57 -1.33
57.3 35.4 -1.63
