301
0 0 0
3.23 0.03 -0.16
4.31 0.12 0.04
4.48 0.14 -0.07
6.36 0.16 -0.0
10.29 0.4 0.26
15.19 1.04 -0.13
19.95 0.32 -0.02
24.74 1.34 0.19
25.39 1.47 0.16
27.59 1.47 -0.19
28.63 1.09 -0.24
32.56 0.66 -0.19
32.7 0.63 -0.46
34.41 0.23 -0.2
34.57 0.23 0.13
35.07 0.38 0.37
35.53 0.6 0.24
36.18 0.78 0.44
38.78 2.45 0.43
42.65 4.61 0.31
44.12 4.77 -0.07
47.63 4.59 0.04
50.33 4.54 -0.27
50.62 4.5 -0.16
54.71 3.67 -0.29
58.4 2.15 -0.3
62.13 0.79 -0.2
65.82 0.46 -0.05
69.23 1.01 0.32
72.39 2.86 0.61
75.47 4.62 0.74
77.73 5.91 0.41
80.39 7.33 0.49
81.14 7.79 0.71
84.33 9.88 0.49
86.38 10.95 0.49
86.91 11.19 0.38
90.07 12.38 0.49
92.85 14.08 0.72
93.27 14.34 0.41
95.82 16.2 0.68
99.22 18.1 0.61
99.29 18.18 1.02
99.62 18.85 1.13
99.83 19.96 1.49
99.97 22.62 1.34
99.91 25.76 1.69
99.95 29.7 1.38
99.94 30.77 1.62
99.21 33.74 1.63
98.6 36.46 2.04
98.01 38.8 1.64
97.98 38.97 1.76
97.84 41.81 1.46
98.19 42.82 1.12
99.2 47.53 1.54
99.19 47.81 1.78
98.77 49.8 1.98
97.63 54.27 1.59
97.62 54.31 1.71
97.39 56.83 1.82
97.39 57.87 1.72
97.43 58.38 1.31
97.51 58.86 1.31
98.23 62.79 1.24
98.36 62.99 0.94
99.94 65.3 0.81
99.99 65.36 0.64
99.99 65.36 0.73
100.0 65.37 0.87
100.0 65.37 0.42
100.0 65.37 0.51
100.0 65.37 0.47
100.0 65.37 0.09
100.0 65.37 0.03
100.0 65.37 0.25
100.0 65.37 0.06
100.0 65.37 0.0
100.0 65.37 0.08
100.0 65.37 0.47
100.0 65.37 0.45
100.0 65.37 0.37
100.0 65.37 0.37
100.0 65.37 0.25
100.0 65.37 -0.22
100.0 65.37 -0.24
100.0 65.37 -0.4
100.0 65.37 -0.06
100.0 65.37 0.38
100.0 65.37 0.15
100.0 65.37 0.25
100.0 65.37 0.31
100.0 65.37 0.4
100.0 65.37 0.58
100.0 65.37 0.59
100.0 65.37 0.81
100.0 65.37 0.78
100.0 65.37 0.77
100.0 65.37 0.42
100.0 65.37 0.5
100.0 65.37 0.27
100.0 65.37 0.38
100.0 65.37 -0.02
100.0 65.37 0.2
100.0 65.37 -0.18
100.0 65.37 0.24
100.0 65.37 0.52
100.0 65.37 0.32
100.0 65.37 0.59
100.0 65.37 0.67
100.0 65.37 0.72
100.0 65.37 0.92
100.0 65.38 0.91
100.0 65.39 0.9
100.0 65.4 1.27
100.0 65.41 1.24
100.0 65.46 1.49
99.72 67.83 1.62
99.27 71.27 1.68
99.24 74.35 1.84
98.94 75.59 2.07
98.22 76.98 2.12
95.55 80.98 2.28
93.23 85.14 2.27
89.42 88.23 2.21
87.61 89.99 2.5
86.09 90.71 2.83
83.72 91.86 2.59
80.64 93.02 2.82
78.93 93.13 3.18
78.36 93.25 3.03
76.16 93.3 3.22
74.56 93.41 2.87
74.26 93.42 3.07
72.99 93.84 3.06
68.87 94.55 2.75
67.8 94.93 2.88
67.31 95.01 3.01
62.56 96.49 2.94
61.76 96.7 2.87
58.44 98.61 2.83
55.94 99.02 2.92
54.93 99.41 2.82
54.02 99.48 3.3
50.44 98.34 3.68
47.94 96.71 3.54
47.13 96.33 3.39
46.98 96.33 2.91
45.31 97.0 2.64
41.37 98.91 2.66
40.69 99.08 2.76
40.14 99.37 2.59
39.8 99.56 2.8
38.3 99.85 2.98
35.66 99.8 3.34
33.92 99.56 3.53
31.78 98.58 3.54
29.09 97.22 3.52
28.16 97.03 3.26
23.69 97.35 2.92
19.68 99.39 2.81
19.08 99.47 3.15
18.63 99.4 3.21
15.99 99.3 3.43
13.72 98.23 3.73
11.06 96.17 3.92
10.78 95.97 3.84
9.94 95.45 3.59
6.83 94.59 3.41
4.54 93.71 3.26
4.13 93.65 3.47
3.1 93.49 3.5
0.71 92.25 3.71
0.62 92.19 3.64
0.15 91.88 3.81
0.03 91.76 3.73
0.02 91.75 3.8
-0.0 91.73 3.7
-0.0 91.73 3.7
-0.0 91.73 3.42
-0.0 91.73 3.33
-0.0 91.73 3.55
-0.0 91.73 3.72
-0.0 91.73 3.87
-0.0 91.73 4.12
-0.0 91.73 4.0
-0.0 91.72 4.12
-0.0 91.72 4.07
-0.0 91.72 4.18
-0.0 91.71 4.48
0.02 89.55 4.88
0.4 85.2 4.96
1.86 81.41 5.07
2.47 76.99 4.74
2.5 76.26 4.64
2.21 71.62 4.85
2.23 69.64 4.94
3.55 65.75 5.19
5.96 62.81 5.55
8.39 61.38 5.53
10.52 59.54 5.76
13.78 58.19 5.74
17.32 54.8 5.48
17.92 54.38 5.7
22.51 52.84 6.01
25.61 51.05 5.68
26.39 50.46 5.39
26.96 49.6 5.18
29.23 45.32 5.15
29.66 44.52 5.24
31.86 41.42 5.23
32.04 41.1 5.35
35.06 38.03 5.64
36.82 36.17 5.34
37.92 34.05 5.23
39.65 31.51 5.49
43.34 28.18 5.58
43.58 27.97 5.45
43.64 27.89 5.16
44.58 24.17 4.94
44.96 22.25 4.65
44.34 18.7 4.36
43.54 15.58 4.22
41.96 13.68 4.19
39.07 10.26 4.04
37.05 8.7 3.75
35.49 7.68 3.81
33.78 6.75 3.84
32.97 6.34 3.63
30.0 4.95 3.84
27.65 3.85 3.65
24.65 1.76 3.61
24.47 1.68 3.34
20.09 1.86 3.04
15.79 1.69 3.31
14.46 1.75 2.92
10.79 3.31 2.99
8.2 4.0 2.76
5.69 5.41 2.69
2.15 7.84 2.61
0.65 8.7 2.71
0.59 8.74 2.35
0.49 8.85 2.43
0.05 9.25 2.24
0.01 9.34 2.24
0.01 9.34 2.2
0.01 9.34 1.9
0.0 9.36 1.88
-0.0 9.38 1.76
0.0 11.05 1.77
0.14 15.63 1.32
0.16 15.69 1.4
1.17 18.37 1.3
2.31 21.48 1.09
4.44 24.0 0.72
5.34 24.58 0.42
7.81 26.35 0.6
9.67 27.92 0.9
12.16 31.12 1.04
14.2 35.43 0.91
17.22 39.31 0.87
17.61 40.0 0.94
17.83 40.2 0.66
20.96 42.89 0.56
22.32 43.47 0.6
24.15 44.52 0.49
25.11 45.01 0.47
27.88 45.84 0.45
28.16 46.08 0.92
29.84 48.19 0.65
33.21 51.87 1.07
33.44 52.14 0.71
37.01 55.27 0.69
38.48 56.98 1.09
40.22 60.16 1.22
40.39 60.96 1.57
40.61 65.35 1.7
40.14 67.2 1.7
40.32 68.6 1.49
41.07 71.29 1.33
41.14 72.32 1.29
42.06 74.22 1.23
42.12 74.44 1.09
43.42 78.1 1.14
44.48 82.07 1.14
45.63 84.46 1.27
46.36 88.67 1.4
46.38 88.8 1.4
46.41 91.65 1.81
46.43 93.23 1.62
46.28 95.71 1.58
46.32 99.44 1.81
46.18 99.87 1.76
46.19 99.99 1.38
46.19 100.0 1.67
46.19 100.0 1.49
46.19 100.0 1.56
46.19 100.0 1.63
46.19 100.0 1.32
46.19 100.0 1.11
