201
0 0 0
1.73 0.35 0.18
5.64 0.7 -0.15
10.16 1.15 0.06
10.6 1.08 -0.13
12.55 0.45 -0.14
17.32 0.12 0.07
18.65 0.43 0.37
19.08 0.49 -0.07
19.19 0.47 -0.12
21.67 0.69 0.15
25.06 0.45 0.12
28.01 1.56 0.2
28.21 1.63 0.41
32.0 4.17 0.58
32.04 4.2 0.59
34.07 5.15 0.56
35.69 6.36 0.76
39.08 8.99 0.52
41.78 11.04 0.76
44.28 12.54 0.58
45.95 13.97 0.87
46.47 14.61 1.03
49.93 18.17 0.86
50.32 18.95 1.12
50.58 19.84 1.52
50.51 20.18 1.74
50.63 21.83 1.28
51.3 25.95 1.55
51.28 28.63 1.56
51.33 29.22 1.63
51.44 30.98 1.28
51.53 33.79 1.57
52.19 36.59 1.1
52.41 36.88 0.73
54.28 38.8 0.93
55.69 40.34 0.95
57.99 44.45 1.1
59.85 47.54 1.17
60.9 49.76 1.18
61.46 53.22 1.37
62.17 57.58 1.58
61.39 61.66 1.65
61.28 63.44 1.57
61.24 67.49 1.77
61.11 67.99 1.81
61.07 70.15 1.53
61.15 72.91 1.74
61.08 74.65 1.49
61.27 79.4 1.56
61.23 81.64 1.45
62.6 85.76 1.08
63.33 88.63 1.34
63.32 89.73 1.49
63.86 93.52 1.58
63.98 97.45 1.78
63.93 97.68 1.82
63.83 98.27 1.86
63.79 98.34 2.07
63.02 99.44 2.1
62.82 99.75 2.36
62.71 99.84 2.39
62.68 99.86 2.39
62.66 99.88 2.2
62.57 99.99 2.53
62.55 100.0 2.28
62.55 100.0 1.96
62.55 100.0 1.67
62.55 100.0 1.79
62.55 100.0 1.84
62.55 100.0 1.51
62.55 100.0 1.48
62.55 100.0 1.43
62.55 100.0 1.42
62.55 100.0 1.34
62.55 100.0 1.52
62.55 100.0 1.49
62.55 100.0 1.6
62.55 100.0 1.69
62.55 100.0 1.74
62.55 100.0 1.69
62.55 100.0 1.69
62.55 100.0 1.66
62.55 100.0 1.62
62.55 100.0 1.43
62.55 100.0 1.19
62.55 100.0 0.97
62.55 100.0 0.9
62.55 100.0 0.77
62.55 100.0 1.09
62.55 100.0 1.45
62.55 100.0 0.98
62.55 100.0 1.02
62.55 100.0 0.7
62.56 100.0 0.71
62.56 100.0 1.04
62.56 100.0 0.56
62.56 100.0 0.2
65.33 99.86 -0.17
69.01 99.49 -0.01
72.91 99.22 -0.31
74.45 98.46 -0.41
76.33 97.8 -0.5
76.49 97.72 -0.61
77.47 96.81 -0.64
81.23 95.27 -0.27
81.65 95.08 -0.69
84.29 91.54 -0.98
84.29 91.54 -1.0
85.39 90.19 -1.05
86.95 85.66 -1.2
88.03 83.37 -1.25
88.4 82.45 -1.09
89.78 79.6 -1.26
89.86 78.92 -1.55
89.93 75.5 -1.74
89.58 73.17 -1.87
89.49 73.0 -1.92
87.46 69.76 -2.26
84.96 67.78 -2.45
84.93 67.74 -2.53
83.99 67.38 -2.99
82.77 67.04 -2.77
78.16 65.5 -2.76
78.09 65.47 -2.56
74.9 63.84 -2.65
71.34 61.7 -2.56
69.97 61.15 -2.65
68.02 59.6 -2.34
65.97 56.95 -2.28
62.88 54.0 -2.31
61.77 53.19 -2.31
58.89 50.15 -2.5
57.64 48.76 -2.48
54.9 46.44 -2.29
53.16 44.91 -2.17
52.52 44.3 -2.14
51.68 42.3 -1.94
50.45 37.83 -1.78
49.05 33.86 -1.98
48.64 32.1 -2.05
47.03 29.98 -2.12
44.98 26.22 -1.82
42.95 22.12 -1.95
41.62 19.49 -1.78
41.44 16.94 -1.5
41.45 16.46 -1.33
41.56 15.27 -1.44
42.25 13.05 -1.21
42.65 10.02 -1.27
42.72 9.82 -1.17
42.85 9.12 -1.38
43.8 4.7 -1.16
44.27 3.68 -1.18
45.33 0.26 -1.52
45.31 0.14 -1.88
45.26 0.02 -1.93
45.24 -0.0 -2.26
45.24 -0.0 -2.18
45.24 -0.0 -2.26
45.24 -0.0 -2.27
45.24 -0.0 -2.48
45.23 -0.0 -2.41
45.23 -0.0 -2.08
45.23 -0.0 -2.1
45.23 -0.0 -2.01
45.23 -0.0 -2.18
45.23 -0.0 -2.62
45.23 -0.0 -2.59
45.23 -0.0 -2.73
45.23 -0.0 -3.14
43.58 0.05 -3.37
43.53 0.07 -3.45
39.87 0.92 -3.41
35.64 1.68 -3.52
31.94 3.51 -3.35
28.09 4.69 -3.36
26.7 4.94 -3.37
25.78 5.14 -3.2
22.11 4.77 -3.07
18.89 5.15 -3.35
16.02 5.49 -3.2
15.16 5.31 -3.07
10.88 4.3 -2.72
8.24 2.24 -2.39
7.54 1.39 -2.43
7.23 1.12 -2.3
6.91 0.74 -2.24
6.52 0.12 -2.23
6.52 0.11 -2.01
6.51 0.09 -2.06
6.44 0.01 -2.35
6.43 0.0 -2.74
6.43 0.0 -2.61
6.42 -0.0 -2.67
6.42 -0.0 -2.89
1.83 0.04 -3.1
1.14 0.13 -3.02
0.87 0.07 -2.71
0.65 0.03 -2.89
0.62 0.02 -2.77
