0.0 0.0 0.0
99
0.1 -0.22 4.84
0.97 1.22 1.81 0.16
0.06 -0.04 4.16
0.91 1.23 1.83 0.16
0.23 0.01 1.05
0.83 1.08 1.78 0.08
0.03 0.11 2.36
0.7 1.04 1.54 -0.22
-0.19 0.18 1.11
0.72 1.16 1.77 -0.12
0.18 0.09 4.46
0.45 0.87 1.37 -0.47
0.02 0.2 3.14
0.13 0.47 1.2 -0.78
0.13 -0.03 1.2
-0.12 0.35 1.09 -1.04
0.21 0.2 1.39
-0.42 0.12 0.87 -1.37
0.0 -0.15 1.4
-0.4 0.17 0.81 -1.36
0.22 0.14 2.29
-0.64 -0.12 0.59 -1.73
0.07 -0.11 2.3
-0.57 -0.01 0.83 -1.53
0.07 -0.12 0.64
-0.71 -0.08 0.68 -1.72
-0.19 0.32 0.21
-0.67 -0.2 0.5 -1.76
0.04 0.05 1.06
-0.73 -0.19 0.54 -1.79
-0.17 -0.15 0.46
-0.61 -0.01 0.88 -1.54
0.08 -0.27 4.43
-0.43 0.08 0.96 -1.64
-0.15 0.15 4.34
-0.57 -0.06 0.9 -1.83
-0.03 -0.03 1.7
-0.39 0.12 1.11 -1.72
-0.0 0.2 1.26
-0.75 -0.15 0.93 -1.99
0.08 0.22 2.02
-1.08 -0.5 0.5 -2.48
0.09 -0.18 3.43
-1.0 -0.47 0.67 -2.43
0.14 -0.02 3.28
-1.08 -0.5 0.88 -2.34
-0.2 0.17 2.57
-1.05 -0.7 0.8 -2.49
-0.09 0.22 4.17
-1.33 -0.96 0.85 -2.58
0.07 0.06 1.04
-1.32 -1.09 0.78 -2.76
-0.0 -0.02 0.24
-1.26 -1.11 0.8 -2.63
0.27 -0.17 2.11
-1.56 -1.23 0.85 -2.87
-0.2 -0.16 3.61
-1.13 -1.11 1.51 -2.48
-0.19 0.07 4.52
-1.24 -1.43 -4.63 -2.43
0.3 0.07 3.82
-1.63 -2.12 -4.67 -2.87
-0.05 0.14 1.14
-1.77 -2.25 -4.86 -2.94
-0.15 0.02 1.71
-1.47 -2.21 -4.48 -2.83
0.07 -0.09 1.88
-1.43 -2.28 -4.38 -2.74
0.22 0.0 1.13
-1.62 -2.32 -4.45 -2.74
-0.07 0.07 1.84
-1.41 -2.37 -4.17 -2.63
0.01 -0.14 1.09
-1.3 -2.24 -4.0 -2.5
-0.1 0.19 2.69
-1.45 -2.51 -3.84 -2.59
-0.11 0.05 4.18
-1.43 -2.41 -3.74 -2.53
-0.03 -0.04 3.12
-1.41 -2.4 -3.74 -2.59
0.24 0.2 3.07
-1.75 -2.79 -3.93 -2.81
-0.12 0.1 1.64
-1.77 -2.78 -3.71 -2.89
0.02 -0.07 2.43
-1.53 -2.78 -3.58 -2.67
0.22 0.15 1.01
-1.81 -2.9 -3.87 -2.94
-0.27 0.12 4.51
-1.69 -2.85 -3.62 -2.64
-0.04 -0.14 4.84
-1.58 -2.62 -3.26 -2.51
-0.02 0.12 0.32
-1.74 -2.86 -3.57 -2.66
-0.27 -0.21 2.86
-1.36 -2.44 -3.08 -2.35
-0.15 -0.1 0.43
-1.17 -2.15 -2.85 -2.08
-0.27 -0.12 4.58
-0.93 -2.02 -2.6 -1.74
0.1 0.15 2.96
-1.17 -2.29 -2.82 -2.13
-0.01 -0.18 -0.08
-1.05 -2.19 -2.77 -2.04
-0.06 -0.11 0.08
-0.93 -2.06 -2.54 -1.74
-0.24 0.12 0.05
-0.92 -1.91 -2.49 -1.73
-0.15 -0.02 -0.04
-0.63 -1.73 -2.3 -1.49
0.0 -0.35 0.26
-0.41 -1.37 -1.98 -1.25
-0.14 -0.24 2.05
0.03 -0.97 -1.69 -0.93
-0.15 0.24 1.8
-0.07 -1.19 -1.77 -0.99
0.31 -0.24 0.96
-0.19 -1.17 -1.84 -1.07
0.19 0.3 0.92
-0.41 -1.64 -2.2 -1.43
-0.06 -0.02 2.77
-0.45 -1.65 -2.23 -1.34
-0.06 -0.05 2.28
-0.36 -1.53 -2.11 -1.38
-0.08 0.23 2.16
-0.49 -1.91 -2.39 -1.59
-0.21 -0.1 0.83
-0.15 -1.56 -2.1 -1.2
-0.21 0.16 0.4
-0.27 -1.69 -2.19 -1.39
-0.14 0.02 3.29
-0.13 -1.43 -1.89 -1.07
-0.18 0.1 4.84
0.07 -1.5 -1.89 -1.02
0.06 -0.27 3.4
0.31 -1.28 -1.78 -0.75
-0.09 -0.18 0.78
0.43 -1.08 -1.49 -0.71
-0.18 -0.19 3.61
1.07 -0.71 -1.23 -0.22
0.26 -0.06 3.4
0.92 -0.83 -1.36 -0.38
-0.03 0.14 0.94
0.7 -1.18 -1.52 -0.59
0.17 -0.13 2.17
0.61 -1.32 -1.66 -0.66
-0.06 0.03 2.91
0.79 -1.22 -1.69 -0.63
0.0 0.12 0.61
0.76 -1.43 -1.75 -0.64
-0.01 0.15 1.98
0.51 -1.38 -1.96 -0.8
-0.14 -0.29 0.19
0.99 -1.21 -1.55 -0.46
0.05 -0.2 0.1
1.28 -0.96 -1.3 -0.2
-0.23 0.29 0.85
1.29 -1.04 -1.23 -0.17
0.2 -0.18 2.52
1.52 -1.0 -1.29 -0.21
-0.01 -0.22 3.86
1.83 -0.61 -1.03 0.18
0.04 -0.15 0.33
2.0 -0.61 -0.92 0.33
0.05 0.28 1.66
1.86 -0.99 -1.18 -0.01
-0.16 -0.1 3.07
2.06 -1.04 -1.19 0.19
0.11 0.14 2.07
1.8 -1.24 -1.46 -0.14
-0.28 -0.25 2.12
2.27 -0.76 -0.95 0.45
-0.03 0.18 3.46
2.23 -0.93 -1.2 0.3
-0.11 -0.16 0.71
2.51 -0.76 -0.92 0.58
0.25 0.01 1.01
2.4 -0.83 -1.08 0.44
-0.03 0.09 4.08
2.4 -1.29 -1.2 0.37
-0.15 0.13 4.83
2.3 -1.4 -1.29 0.41
-0.26 0.12 2.61
2.54 4.85 -1.35 0.43
0.23 0.16 1.0
2.18 4.35 -1.77 0.25
0.16 -0.07 1.63
2.06 4.27 -1.9 -0.13
-0.1 0.15 0.75
1.91 4.15 -1.91 -0.08
0.16 -0.01 4.19
1.97 3.95 4.4 -0.13
-0.25 -0.17 3.68
2.51 4.29 4.66 0.26
0.16 0.02 2.91
2.4 3.96 4.4 0.1
-0.14 0.08 2.99
2.34 3.95 4.22 0.07
