0.0 0.0 0.0
199
0.19 -0.05 1.76
0.52 0.89 1.03 0.99 0.5 0.34 0.5
-0.1 -0.23 3.98
0.87 1.41 1.41 1.36 0.87 0.63 0.96
0.23 -0.08 4.72
0.7 1.34 1.24 1.21 0.85 0.52 0.87
-0.26 0.08 0.55
0.94 1.6 1.39 1.37 0.91 0.69 0.99
-0.27 0.05 1.99
0.94 1.48 1.54 1.35 1.05 0.72 1.11
0.11 0.1 4.64
0.89 1.52 1.29 1.27 0.84 0.56 0.91
0.2 0.12 1.55
0.43 1.26 1.09 0.98 0.62 0.21 0.58
-0.25 -0.17 0.45
0.84 1.73 1.55 1.44 1.04 0.6 1.08
-0.02 0.06 0.15
0.92 1.79 1.57 1.5 1.1 0.73 1.1
0.15 0.06 2.49
0.74 1.57 1.31 1.23 0.86 0.5 1.0
-0.31 0.17 3.44
0.77 1.72 1.4 1.24 1.06 0.39 0.96
0.25 -0.15 3.13
0.69 1.76 1.27 1.15 1.0 0.39 0.93
0.13 0.08 0.06
0.49 1.51 1.1 1.0 0.71 0.21 0.72
0.2 0.0 4.52
0.4 1.56 1.04 0.96 0.67 0.16 0.59
0.06 -0.0 0.08
0.35 1.55 0.97 0.92 0.77 0.13 0.57
-0.27 0.0 2.19
0.32 1.61 1.05 0.94 0.73 0.17 0.64
0.04 -0.0 2.01
0.18 1.47 0.98 0.89 0.52 -0.08 0.49
-0.13 -0.14 4.22
0.33 1.94 1.22 1.06 0.9 0.11 0.81
0.07 0.06 3.28
0.1 1.82 0.92 0.94 0.85 -0.07 0.62
-0.16 0.01 2.9
0.28 2.06 1.27 1.13 1.1 0.12 0.81
0.13 0.11 2.02
0.03 1.86 0.97 0.86 0.93 -0.13 0.71
0.02 0.14 0.8
-0.09 1.64 0.69 0.58 0.77 -0.42 0.48
-0.27 0.09 4.99
0.06 2.05 1.05 0.87 1.07 -0.17 0.95
0.29 -0.05 0.77
-0.19 1.71 0.83 0.62 0.88 -0.46 0.64
0.14 0.16 0.91
-0.57 1.34 0.53 0.25 0.54 -0.87 0.27
0.23 -0.05 0.35
-0.65 1.15 0.25 0.03 0.44 -1.15 -0.1
-0.23 -0.19 1.62
-0.26 1.67 0.77 0.57 0.82 -0.69 0.45
0.16 0.11 4.12
-0.58 1.46 0.37 0.31 0.77 -1.06 0.26
-0.01 -0.12 2.73
-0.63 1.59 0.44 0.21 0.95 -1.18 0.36
-0.09 0.12 0.42
-0.79 1.49 0.42 0.23 0.95 -1.2 0.23
-0.11 -0.23 1.79
-0.39 -4.37 0.81 0.61 1.36 -0.93 0.59
0.25 -0.01 2.88
-0.75 -4.68 0.54 0.32 1.4 -1.26 0.47
-0.28 -0.14 2.73
-0.22 -3.98 0.98 0.67 -4.06 -0.85 1.2
-0.19 -0.22 0.28
0.15 -3.59 1.36 1.19 -3.7 -0.44 1.66
0.13 0.07 2.59
-0.05 -3.91 1.25 1.09 -3.79 -0.89 1.73
-0.03 0.1 2.13
-0.09 -3.92 1.29 1.05 -3.77 -0.81 1.99
0.03 0.0 4.68
-0.3 -3.87 1.32 0.95 -3.79 -1.22 -4.02
-0.12 0.07 3.54
-0.45 -3.95 1.25 1.08 -3.7 -1.49 -3.89
-0.03 0.16 2.61
-0.55 -4.0 1.33 1.06 -3.65 -1.57 -3.87
0.23 -0.06 3.54
-0.59 -4.06 1.3 0.95 -3.75 -1.9 -3.91
0.06 0.17 4.47
-0.92 -4.18 1.18 0.91 -3.85 -2.28 -3.89
0.18 -0.07 4.08
-1.07 -4.19 1.24 0.85 -3.82 -2.4 -3.86
-0.02 -0.09 1.81
-1.08 -3.93 1.27 1.04 -3.84 -2.49 -3.73
0.05 0.2 3.99
-1.39 -4.25 1.31 0.88 -3.93 -2.66 -3.84
0.01 -0.02 0.59
-1.39 -4.21 1.3 0.98 -3.94 -2.79 -3.87
-0.21 -0.15 2.24
-1.1 -3.97 1.62 1.37 -3.65 -2.52 -3.5
-0.04 0.12 2.67
-1.46 -3.99 -4.82 1.11 -3.83 -2.66 -3.74
-0.15 -0.06 1.72
-1.23 -3.75 -4.54 1.44 -3.54 -2.55 -3.48
-0.01 0.03 4.72
-1.39 -3.84 -4.45 -4.63 -3.5 -2.71 -3.46
0.07 -0.11 2.23
-1.3 -3.74 -4.41 -4.41 -3.47 -2.55 -3.38
-0.21 -0.26 4.31
-1.2 -3.38 -3.74 -3.88 -3.05 -2.25 -2.97
0.25 -0.05 3.0
-1.44 -3.55 -4.03 -4.21 -3.31 -2.56 -3.26
0.28 -0.02 1.18
-1.56 -3.73 -4.04 -4.24 -3.49 -2.7 -3.37
-0.06 0.1 3.83
-1.85 -3.86 -4.07 -4.17 -3.53 -2.71 -3.45
0.0 0.21 3.91
-2.19 -3.94 -4.25 -4.35 -3.67 -3.06 -3.68
-0.05 0.11 0.16
-2.11 -3.94 -4.21 -4.34 -3.74 -3.06 -3.67
-0.18 0.13 0.55
-2.3 -4.06 -4.36 -4.4 -3.78 -3.13 -3.7
0.24 -0.09 0.09
-2.42 -4.25 -4.6 -4.63 -4.07 -3.34 -3.87
0.1 -0.1 1.46
-2.49 -4.37 -4.65 -4.57 -3.98 -3.48 -3.89
0.02 0.27 0.43
-2.67 -4.53 -4.78 -4.75 -4.24 -3.63 -4.14
0.02 -0.12 0.2
-2.87 -4.54 -4.87 -4.81 -4.29 -3.65 -4.22
0.08 -0.08 0.04
-2.78 -4.63 -4.92 -4.76 -4.23 -3.71 -4.27
-0.07 -0.15 0.12
-2.52 -4.47 -4.6 -4.65 -4.04 -3.43 -4.06
-0.04 0.19 0.18
-2.88 -4.72 -4.91 -4.95 -4.4 -3.78 -4.31
0.24 -0.47 -0.01
-2.66 -4.42 -4.73 -4.69 -4.16 -3.59 -4.16
-2.23 1.91 -0.13
-2.42 -4.12 -4.33 -4.46 -3.85 -3.24 -3.83
-1.83 1.66 0.01
-2.04 -3.73 -4.12 -4.11 -3.56 -2.87 -3.52
-1.61 1.84 0.09
-2.18 -3.95 -4.15 -4.21 -3.69 -2.99 -3.65
-1.83 1.92 -0.08
-2.15 -3.93 -4.25 -4.24 -3.7 -3.02 -3.78
-1.83 1.42 0.06
-1.92 -3.61 -4.05 -4.03 -3.28 -2.87 -3.37
-1.5 1.47 -0.03
-1.88 -3.65 -3.94 -3.9 -3.44 -2.77 -3.36
-1.49 1.39 -0.15
-1.85 -3.6 -3.88 -3.86 -3.28 -2.76 -3.24
-1.32 1.35 0.16
-1.82 -3.58 -3.88 -3.93 -3.23 -2.67 -3.31
-1.4 1.34 0.0
-1.85 -3.35 -3.72 -3.76 -3.27 -2.58 -3.13
-1.25 1.58 -0.3
-1.92 -3.8 -4.05 -3.88 -3.42 -2.81 -3.48
-1.51 1.49 0.03
-1.94 -3.72 -4.01 -3.97 -3.42 -2.71 -3.35
-1.52 1.63 0.02
-2.07 -3.87 -3.96 -4.0 -3.47 -2.82 -3.41
-1.57 1.66 0.0
-2.17 -3.88 -4.14 -4.14 -3.48 -3.03 -3.57
-1.67 1.61 0.01
-2.25 -3.91 -4.21 -4.1 -3.69 -3.04 -3.65
-1.8 1.68 0.09
-2.07 -3.79 -4.14 -4.19 -3.61 -2.92 -3.55
-1.68 1.7 -0.03
-2.08 -3.8 -4.07 -4.12 -3.64 -2.94 -3.42
-1.72 1.69 -0.14
-2.03 -3.82 -4.1 -4.04 -3.42 -2.91 -3.53
-1.73 1.59 -0.09
-2.03 -3.72 -3.97 -4.11 -3.54 -2.85 -3.51
-1.58 1.41 0.05
-1.87 -3.65 -3.82 -3.87 -3.35 -2.65 -3.32
-1.41 1.15 -0.04
-1.57 -3.34 -3.61 -3.62 -3.11 -2.48 -3.06
-1.16 0.91 0.04
-1.45 -3.14 -3.3 -3.43 -2.86 -2.26 -2.8
-1.02 0.81 0.09
-1.36 -3.03 -3.22 -3.29 -2.81 -2.14 -2.82
-1.01 0.76 0.05
-1.16 -2.95 -3.16 -3.13 -2.69 -2.02 -2.71
-0.69 1.1 0.11
-1.51 -3.27 -3.54 -3.55 -2.94 -2.33 -2.86
-1.15 1.56 -0.1
-1.83 -3.48 -3.81 -3.89 -3.35 -2.75 -3.27
-1.53 0.97 -0.06
-1.35 -3.11 -3.5 -3.45 -2.89 -2.21 -2.86
-0.88 0.93 -0.13
-1.41 -3.15 -3.48 -3.46 -2.88 -2.37 -2.84
-1.09 0.74 -0.07
-1.06 -2.8 -3.07 -3.19 -2.53 -1.95 -2.47
-0.69 0.71 0.14
-1.06 -2.79 -3.07 -3.15 -2.62 -1.95 -2.52
-0.73 1.0 0.02
-1.54 -3.15 -3.51 -3.44 -2.94 -2.26 -2.87
-1.01 0.44 -0.07
-1.0 -2.79 -2.95 -3.03 -2.38 -1.83 -2.46
-0.59 0.24 -0.07
-0.58 -2.28 -2.58 -2.7 -2.05 -1.44 -2.01
-0.31 -0.1 2.78
-0.24 -2.01 -2.2 -2.41 -1.79 -1.2 -1.63
0.04 0.14 3.65
-0.35 -2.14 -2.51 -2.58 -1.97 -1.48 -1.86
-0.02 -0.26 4.01
-0.22 -2.0 -2.21 -2.29 -1.74 -1.13 -1.75
-0.23 0.1 1.74
-0.17 -1.74 -2.17 -2.21 -1.61 -1.06 -1.64
0.08 -0.22 2.0
-0.14 -1.82 -2.07 -2.01 -1.61 -0.95 -1.54
0.04 -0.21 0.1
0.13 -1.66 -1.99 -1.99 -1.45 -0.87 -1.45
-0.12 0.06 1.39
0.1 -1.61 -2.04 -2.04 -1.48 -0.93 -1.43
0.21 0.11 4.03
-0.24 -2.11 -2.41 -2.53 -1.83 -1.29 -1.92
-0.11 -0.3 0.69
0.09 -1.6 -2.01 -2.07 -1.41 -0.96 -1.4
-0.2 -0.14 4.04
0.5 -1.46 -1.82 -1.81 -1.28 -0.6 -1.14
1.04 -0.92 0.03
0.5 -1.39 -1.86 -1.89 -1.24 -0.6 -1.2
0.04 -0.1 1.7
0.71 -1.31 -1.84 -1.82 -1.18 -0.62 -1.23
-0.15 -0.12 4.77
1.12 -1.31 -1.7 -1.79 -1.08 -0.54 -1.09
0.1 -0.14 2.42
1.34 -1.21 -1.75 -1.77 -1.02 -0.53 -1.13
0.09 0.13 1.02
1.32 -1.43 -1.97 -2.0 -1.24 -0.63 -1.31
-0.03 -0.19 3.16
1.87 -1.24 -1.76 -1.88 -1.27 -0.57 -1.12
-0.11 -0.12 0.57
2.13 -1.0 -1.56 -1.58 -0.82 -0.22 -0.9
0.03 -0.18 3.39
2.69 -0.74 -1.3 4.79 -0.66 -0.12 -0.74
-0.01 -0.15 2.38
2.96 -0.76 -1.22 4.9 -0.57 0.01 -0.61
-0.19 0.18 0.18
2.87 -0.59 -1.18 4.89 -0.48 0.1 -0.57
-0.28 -0.15 3.95
3.36 -0.41 5.35 5.3 -0.28 0.38 -0.33
-0.25 0.03 3.33
3.47 -0.12 5.62 5.43 0.06 0.6 -0.09
0.27 -0.33 -0.02
3.45 -0.04 5.63 5.37 0.04 0.77 0.09
-0.24 -0.19 0.85
3.9 0.38 6.03 5.81 0.5 1.29 0.48
0.1 0.13 1.31
3.66 0.19 5.75 5.61 0.31 1.07 0.23
0.02 -0.03 4.94
3.62 0.17 5.74 5.49 0.26 1.19 0.29
0.07 0.17 0.04
3.26 -0.09 5.5 5.49 0.15 1.12 0.12
-0.14 -0.01 3.58
3.4 0.01 5.58 5.4 0.22 1.27 0.2
0.04 0.07 4.08
3.3 -0.14 5.42 5.31 0.23 1.48 0.1
-0.26 0.1 1.3
3.29 0.15 5.57 5.29 0.23 1.65 0.26
0.14 0.14 2.57
3.08 -0.3 5.22 4.93 -0.07 1.34 -0.06
0.06 0.02 3.33
2.93 -0.39 5.07 4.82 -0.16 1.44 -0.21
-0.14 0.12 4.5
3.07 -0.38 5.08 4.69 -0.09 1.62 -0.23
-0.23 0.19 1.38
3.0 -0.29 4.93 4.69 -0.13 1.79 -0.17
-0.03 -0.12 4.06
3.25 -0.17 5.03 4.8 0.14 2.16 -0.09
0.13 -0.23 1.87
3.22 -0.1 4.99 4.7 0.04 2.16 -0.1
0.05 0.13 3.61
2.99 -0.4 4.65 4.39 -0.15 2.12 -0.36
-0.15 0.28 2.43
3.0 -0.56 4.49 4.2 -0.24 2.09 -0.54
-0.18 0.31 0.98
2.84 -0.64 4.4 4.17 -0.44 2.04 -0.64
0.18 0.12 2.34
2.72 -0.85 4.14 3.94 -0.58 1.94 4.96
0.12 0.03 4.58
2.55 -1.1 3.91 3.62 -1.14 1.97 4.08
-0.15 -0.07 4.35
2.79 -0.93 3.97 3.83 4.92 2.23 3.84
0.16 -0.2 1.72
2.88 -1.11 4.15 3.9 4.7 2.33 3.84
-0.09 0.09 2.85
2.94 -1.02 3.98 3.9 4.38 2.43 3.75
-0.07 0.26 4.38
2.69 4.82 3.68 3.6 3.74 2.24 3.22
-0.25 0.17 4.33
2.72 4.79 3.73 3.65 3.53 2.43 3.34
-0.14 0.25 2.85
2.64 4.62 3.65 3.42 3.25 2.24 3.23
0.2 0.18 2.43
2.4 4.12 3.32 3.2 3.16 2.01 2.83
-0.13 0.2 0.42
2.24 3.94 3.2 2.97 2.91 1.89 2.73
-0.18 0.01 1.27
2.33 4.01 3.26 3.07 3.06 2.05 2.78
0.24 0.11 2.42
2.12 3.81 3.04 2.91 2.73 1.89 2.63
-0.25 0.14 3.02
2.24 3.77 3.0 2.87 2.83 1.88 2.62
-0.07 0.09 0.24
2.06 3.64 3.05 2.83 2.7 1.92 2.62
-0.17 0.03 0.82
2.28 3.78 3.22 3.01 3.01 2.02 2.84
-0.07 0.11 4.41
2.16 3.53 2.9 2.86 2.79 1.99 2.7
0.16 -0.02 1.01
2.14 3.5 3.0 2.7 2.77 2.01 2.64
-0.18 -0.3 3.65
2.55 3.89 3.43 3.18 3.24 2.36 3.1
-0.24 -0.13 0.14
2.92 4.19 3.58 3.52 3.62 2.73 3.46
-0.02 0.04 0.46
2.9 4.37 3.76 3.59 3.67 2.8 3.41
-0.5 0.04 0.11
3.34 4.66 4.07 3.94 3.87 3.08 3.88
2.22 -2.21 0.1
3.08 4.59 3.9 3.83 3.9 3.16 3.77
2.23 -2.27 0.1
3.22 4.56 4.01 3.92 3.98 3.09 3.7
2.19 -2.36 -0.05
3.31 4.69 4.1 3.95 4.01 3.14 3.76
2.38 -2.46 0.08
3.55 4.85 4.25 4.19 4.21 3.33 4.02
5.54 -5.58 0.07
3.44 4.74 4.09 4.08 4.07 3.26 4.01
2.4 -2.1 -0.08
3.09 4.52 3.82 3.74 3.68 3.0 3.53
2.12 -2.08 0.03
3.04 4.51 3.92 3.65 3.73 2.91 3.64
2.1 -1.97 -0.04
2.95 4.38 3.81 3.64 3.64 2.82 3.59
2.04 -2.2 0.03
3.17 4.53 4.01 3.85 3.86 3.1 3.7
2.09 -2.64 0.02
3.66 4.99 4.46 4.31 4.36 3.52 4.11
2.56 -2.62 0.06
3.63 4.9 4.37 4.24 4.21 3.54 4.19
2.59 -2.71 0.14
3.73 5.06 4.47 4.39 4.4 3.67 4.3
2.67 -3.22 0.01
4.21 5.57 4.93 4.81 4.86 3.99 4.74
6.24 -6.51 1.75
4.36 5.62 5.25 5.03 5.01 4.14 4.84
6.17 -6.18 0.0
4.42 5.71 5.18 5.18 5.12 4.39 4.83
6.38 -6.32 3.94
4.39 5.7 5.07 4.98 4.99 4.23 4.82
6.42 -6.49 4.14
4.39 5.72 5.24 5.11 4.96 4.25 4.86
6.23 -6.05 3.93
4.28 5.52 4.99 4.8 4.59 4.03 4.52
6.2 -6.2 4.14
4.28 5.34 4.89 4.79 4.46 3.95 4.5
6.29 -6.34 1.55
4.22 5.35 4.92 4.76 4.48 4.01 4.48
6.3 -6.17 0.88
4.04 4.99 4.75 4.67 4.37 3.74 4.28
0.19 -0.1 3.81
3.97 4.88 4.53 4.46 4.08 3.56 4.04
6.13 -6.3 3.21
4.18 5.05 4.86 4.71 4.22 3.81 4.23
6.35 -6.26 2.77
3.97 4.72 4.47 4.6 4.13 3.69 4.11
0.22 -0.14 0.89
3.85 4.57 4.45 4.37 3.94 3.6 3.89
0.09 0.17 4.32
3.5 4.04 3.95 3.92 3.54 3.23 3.52
0.16 0.11 3.13
3.12 3.53 3.65 3.62 3.1 2.82 3.13
0.1 -0.25 1.01
3.2 3.66 3.58 3.69 3.17 2.95 3.22
-0.03 0.11 0.45
3.07 3.59 3.5 3.58 3.08 2.79 3.13
0.03 0.06 0.56
2.98 3.61 3.46 3.48 2.98 2.77 3.16
0.12 -0.06 0.83
2.98 3.57 3.6 3.47 3.07 2.71 3.01
0.55 -0.46 -0.07
2.74 3.29 3.22 3.18 2.86 2.62 2.76
-0.09 0.05 -0.04
2.79 3.33 3.32 3.22 2.78 2.58 2.83
-0.31 -0.04 0.1
3.07 3.53 3.57 3.49 3.11 2.83 3.22
-0.06 -0.37 -0.12
3.55 3.98 4.0 3.95 3.47 3.23 3.58
2.77 -2.63 -0.0
3.35 3.84 3.88 3.81 3.37 3.1 3.52
-0.55 0.48 0.07
3.29 4.0 4.0 3.93 3.44 3.22 3.48
2.68 -2.85 0.05
3.65 4.15 4.12 4.05 3.68 3.44 3.65
5.97 -6.34 4.64
3.77 4.24 4.19 4.24 3.82 3.61 3.85
6.03 -6.05 0.64
3.75 4.17 4.18 4.13 3.71 3.51 3.83
-0.03 0.28 0.24
3.42 3.72 3.93 3.9 3.52 3.17 3.51
-0.29 0.11 0.2
3.64 3.92 4.13 4.08 3.68 3.36 3.64
