0.0 0.0 0.0
299
0.06 -0.23 3.28
1.47 0.6 1.41 1.4 0.48 0.85 1.11 1.72 0.96 0.85
0.19 0.0 0.96
1.14 0.44 1.29 1.28 0.33 0.7 0.97 1.53 0.74 0.74
0.01 -0.2 0.16
1.28 0.55 1.38 1.45 0.42 0.88 1.11 1.58 0.83 0.84
0.07 0.07 1.87
1.26 0.48 1.29 1.37 0.36 0.86 1.04 1.64 0.76 0.7
0.05 0.23 4.15
0.98 0.21 1.16 1.11 0.08 0.46 0.85 1.47 0.58 0.52
-0.15 -0.33 5.02
1.5 0.62 1.59 1.56 0.55 0.92 1.22 1.88 0.95 1.01
0.02 0.11 4.81
1.45 0.62 1.53 1.52 0.48 0.88 1.18 1.88 0.95 0.81
0.15 -0.06 5.04
1.38 0.51 1.4 1.41 0.19 0.74 0.97 1.74 0.78 0.69
-0.07 0.03 0.73
1.29 0.45 1.27 1.49 0.25 0.79 1.04 1.8 0.77 0.68
-0.2 -0.24 2.17
1.68 0.94 1.67 1.76 0.59 1.05 1.5 2.21 1.15 0.99
-0.18 0.03 1.11
1.85 0.89 1.84 1.92 0.72 1.29 1.5 2.19 1.25 1.17
0.14 -0.13 3.97
1.77 0.92 1.81 1.98 0.7 1.16 1.44 2.2 1.29 1.13
0.03 -0.19 0.37
2.18 1.16 2.02 2.17 0.94 1.5 1.72 2.61 1.45 1.44
0.24 0.04 1.63
1.9 1.01 1.78 1.99 0.64 1.36 1.43 2.31 1.22 1.12
0.21 0.05 0.14
1.51 0.63 1.47 1.69 0.36 0.82 1.11 1.92 0.9 0.83
0.18 0.04 0.56
1.34 0.39 1.2 1.44 0.06 0.67 0.92 1.69 0.63 0.67
-0.05 -0.25 0.22
1.46 0.53 1.5 1.46 0.19 0.7 1.13 1.83 0.74 0.74
0.04 0.23 0.77
1.28 0.21 1.2 1.34 0.18 0.63 0.89 1.62 0.69 0.56
0.22 -0.1 3.16
1.38 0.41 1.25 1.36 0.04 0.67 0.94 1.78 0.73 0.54
-0.03 -0.18 4.5
1.36 0.57 1.4 1.5 0.17 0.85 0.93 1.86 0.76 0.65
-0.22 -0.08 1.44
1.93 0.98 1.7 1.97 0.5 1.24 1.34 2.31 1.09 1.06
-0.01 0.08 3.64
1.89 0.95 1.68 2.04 0.48 1.13 1.31 2.28 1.07 0.91
0.03 -0.17 2.59
2.23 1.18 2.05 2.32 0.87 1.66 1.73 2.62 1.5 1.33
0.12 0.0 0.36
2.13 1.24 2.02 2.21 0.67 1.5 1.57 2.47 1.27 1.24
-0.09 -0.15 4.25
2.31 1.31 2.1 2.27 0.86 1.54 1.68 2.63 1.48 1.37
-0.07 0.11 3.98
2.24 1.51 2.23 2.37 1.06 1.65 1.77 2.69 1.6 1.42
-0.06 0.05 3.85
2.21 1.6 2.05 2.29 0.98 1.66 1.75 2.54 1.57 1.39
0.1 0.16 3.88
2.13 1.45 1.9 2.18 0.86 1.5 1.64 2.47 1.36 1.37
0.22 0.12 3.36
1.91 1.2 1.63 1.87 0.53 1.29 1.24 2.19 1.06 0.92
0.2 -0.04 3.61
1.53 0.9 1.31 1.69 0.31 1.05 1.05 1.88 0.85 0.7
-0.06 0.27 3.43
1.54 0.93 1.25 1.52 0.26 0.97 0.94 1.83 0.66 0.61
-0.2 -0.15 2.72
1.84 1.3 1.66 1.93 0.55 1.36 1.34 2.06 1.18 0.95
0.09 -0.09 3.0
1.82 1.35 1.7 1.82 0.49 1.32 1.22 2.0 1.09 0.94
0.04 0.25 0.84
1.67 1.2 1.4 1.64 0.34 1.06 1.1 1.95 0.88 0.71
-0.16 -0.18 3.82
1.92 1.49 1.5 1.89 0.57 1.46 1.3 2.1 1.09 1.0
0.02 0.05 2.18
1.88 1.61 1.68 1.88 0.7 1.44 1.39 2.17 1.13 1.01
-0.05 -0.03 0.78
2.06 1.75 1.77 2.14 0.82 1.6 1.43 2.25 1.32 1.1
0.02 0.03 3.17
1.87 1.66 1.73 1.97 0.74 1.6 1.37 2.15 1.19 1.16
0.14 0.13 3.26
1.73 1.54 1.55 1.79 0.67 1.37 1.13 2.03 1.0 0.95
-0.2 -0.21 0.56
2.1 1.98 1.86 2.12 1.12 1.7 1.48 2.27 1.38 1.24
0.28 0.03 3.07
1.76 1.81 1.49 1.83 0.97 1.47 1.32 2.06 1.13 0.97
-0.22 0.12 4.15
1.9 1.93 1.66 1.89 1.16 1.56 1.39 2.18 1.31 1.13
0.26 0.15 0.14
1.53 1.52 1.27 1.57 0.87 1.13 1.03 1.77 0.81 0.65
0.03 0.09 0.76
1.42 1.47 1.1 1.45 0.68 1.08 0.84 1.67 0.65 0.64
0.29 0.08 1.05
1.03 1.07 0.76 1.22 0.39 0.87 0.63 1.31 0.4 0.19
0.05 -0.17 2.63
1.24 1.35 0.96 1.38 0.6 0.97 0.71 1.44 0.58 0.32
0.19 0.11 3.09
0.86 1.03 0.68 1.04 0.49 0.71 0.42 1.13 0.3 0.01
-0.06 -0.19 3.91
1.32 1.5 1.0 1.28 1.21 1.04 0.73 1.43 0.7 0.4
0.16 0.1 1.2
1.05 1.28 0.75 1.09 1.03 0.79 0.49 1.22 0.34 -0.04
0.18 -0.17 3.0
1.04 1.46 0.71 1.27 -4.54 0.8 0.35 1.25 0.44 0.09
0.16 0.26 2.92
0.74 1.11 0.37 0.69 -4.44 0.49 0.15 0.76 -0.03 -0.48
-0.24 -0.22 2.33
1.14 -4.79 0.77 1.1 -3.62 0.85 0.52 1.21 0.43 0.02
0.16 0.02 0.18
0.97 -4.79 0.61 1.07 -3.83 0.76 0.4 1.11 0.32 -0.03
-0.12 -0.21 2.99
1.29 -4.44 0.98 1.33 -3.34 1.07 0.74 1.54 0.61 0.24
-0.2 -0.09 1.17
1.61 -4.04 1.38 1.78 -2.93 1.61 1.05 1.84 0.95 0.6
0.13 0.13 4.91
1.19 -4.33 0.92 1.36 -3.32 1.24 0.58 1.51 0.69 0.27
0.06 0.03 0.25
1.1 -4.54 0.65 1.14 -3.6 0.96 0.44 1.25 0.41 -0.02
-0.05 0.2 1.99
0.89 -4.67 0.6 1.06 -3.79 0.9 0.19 1.11 0.22 -0.25
-0.2 -0.22 4.61
1.36 -4.14 0.92 1.35 -3.16 1.36 0.66 1.54 0.7 0.21
0.27 -0.04 -0.02
1.26 -4.3 0.81 1.27 -3.34 1.27 0.54 1.35 0.65 0.05
-0.12 0.14 2.43
1.13 -4.25 0.75 1.28 -3.51 1.29 0.39 1.35 0.5 -0.01
-0.29 0.14 0.99
1.3 -4.13 0.87 1.3 -3.36 1.4 0.57 -4.87 0.64 0.12
-0.22 -0.21 0.42
1.68 -3.79 1.3 1.7 -2.81 1.78 1.02 -4.49 1.13 0.47
-0.0 -0.08 0.38
1.73 -3.73 1.23 1.72 -3.01 1.88 1.07 -4.39 1.01 0.58
0.14 -0.16 3.99
1.75 -3.62 1.36 1.87 -2.96 -4.32 1.12 -4.28 1.3 0.65
-0.24 -0.12 0.16
2.07 -3.37 1.66 2.2 -2.54 -4.05 1.42 -4.04 1.61 1.0
0.04 -0.12 2.96
2.24 -3.13 2.03 -3.92 -2.49 -3.74 1.6 -3.86 1.89 1.28
0.09 -0.19 -0.16
2.46 -3.04 2.02 -3.73 -2.34 -3.6 1.88 -3.62 2.13 1.38
-0.64 0.66 0.1
2.28 -3.06 1.97 -3.8 -2.48 -3.71 1.72 -3.71 1.98 1.27
0.07 0.04 -0.15
2.23 -3.33 1.92 -4.06 -2.59 -3.87 1.64 -3.86 1.88 1.2
-0.86 0.46 -0.1
2.67 -2.71 2.25 -3.48 -2.03 -3.4 2.08 -3.47 2.26 1.66
-0.45 0.49 -0.05
2.61 -2.76 2.2 -3.63 -2.08 -3.49 1.88 -3.55 2.23 1.5
-0.53 0.55 -0.17
2.58 -2.86 2.17 -3.6 -2.14 -3.36 1.88 -3.54 2.3 1.52
-0.49 0.14 0.04
3.05 -2.46 2.54 -3.2 -1.73 -3.04 2.37 -3.12 2.67 2.02
-0.04 -0.0 -0.07
3.06 -2.37 2.68 -3.11 -1.82 -3.0 2.43 -2.97 2.79 2.0
-0.05 0.28 -0.14
2.87 -2.6 2.48 -3.43 -1.92 -3.26 2.17 -3.28 2.41 1.75
-0.15 0.07 -0.03
3.08 -2.43 2.59 -3.18 -1.84 -3.01 2.31 -3.13 2.71 1.99
0.03 -0.04 -0.02
3.08 -2.35 2.66 -3.18 -1.71 -3.01 2.46 -3.09 2.68 2.04
0.06 0.01 0.12
3.0 -2.51 2.69 -3.28 -1.74 -3.04 2.43 -3.05 2.7 1.86
-0.1 0.45 0.03
2.67 -2.92 2.22 -3.6 -2.19 -3.45 1.87 -3.47 2.33 1.56
-0.42 0.37 0.09
2.64 -2.84 2.24 -3.53 -2.23 -3.39 2.01 -3.44 2.25 1.56
-0.58 0.24 -0.01
2.67 -2.78 2.37 -3.51 -2.09 -3.37 2.08 -3.42 2.37 1.56
-0.38 0.39 -0.01
2.72 -2.83 2.3 -3.56 -2.11 -3.36 2.05 -3.6 2.39 1.72
-0.32 0.23 0.12
2.92 -2.67 2.43 -3.43 -1.91 -3.27 2.23 -3.32 2.55 1.75
-0.23 -0.26 0.11
3.3 -2.18 2.94 -2.83 -1.51 -2.63 2.72 -2.87 2.9 2.3
0.2 -0.29 -0.06
3.33 -2.0 2.79 -2.81 -1.56 -2.78 2.62 -2.77 3.0 2.17
0.22 -0.35 0.02
3.59 -1.96 3.06 -2.64 -1.26 -2.5 2.83 -2.66 3.2 2.42
0.44 0.01 -0.04
3.13 -2.32 2.84 -3.0 -1.71 -2.76 2.48 -2.99 2.84 2.08
0.09 0.42 -0.02
2.7 -2.63 2.34 -3.49 -2.07 -3.27 2.05 -3.42 2.42 1.59
-0.31 0.08 0.08
2.97 -2.54 2.58 -3.25 -1.89 -3.14 2.21 -3.21 2.59 1.97
-0.09 0.21 -0.15
2.96 -2.6 2.37 -3.41 -1.95 -3.23 2.17 -3.34 2.49 1.74
-0.19 0.27 0.16
2.8 -2.73 2.42 -3.49 -2.05 -3.26 2.16 -3.35 2.39 1.76
-0.26 0.38 -0.11
2.76 -2.71 2.29 -3.56 -2.08 -3.28 2.05 -3.48 2.35 1.75
-0.39 0.6 -0.03
2.54 -2.74 2.17 -3.69 -2.22 -3.48 1.84 -3.62 2.19 1.52
-0.55 0.52 -0.11
2.51 -3.0 2.25 -3.7 -2.3 -3.57 1.82 -3.67 2.19 1.46
-0.58 0.79 0.01
2.26 -3.12 1.91 -3.95 -2.49 -3.77 1.54 -3.81 1.95 1.24
-0.89 0.79 0.06
2.39 -3.17 1.96 -3.9 -2.44 -3.7 1.66 -3.88 1.96 1.22
-0.82 0.81 -0.02
2.29 -3.13 1.95 -3.92 -2.52 -3.71 1.76 -3.89 1.98 1.31
-0.74 0.45 -0.23
2.75 -2.8 2.28 -3.57 -2.11 -3.42 2.07 -3.49 2.27 1.59
-0.41 0.43 -0.1
2.57 -2.9 2.15 -3.61 -2.15 -3.44 2.01 -3.55 2.3 1.57
-0.57 0.27 -0.05
2.87 -2.63 2.38 -3.43 -2.08 -3.16 2.2 -3.3 2.48 1.76
-0.31 0.4 0.0
2.68 -2.71 2.35 -3.51 -1.98 -3.3 2.09 -3.41 2.36 1.66
-0.37 -0.03 -0.03
3.11 -2.29 2.76 -3.18 -1.67 -2.95 2.46 -2.97 2.77 2.06
-0.02 0.22 0.22
2.83 -2.59 2.42 -3.37 -1.83 -3.16 2.17 -3.23 2.47 1.86
-0.22 -0.24 -0.03
3.23 -2.09 2.91 -2.99 -1.59 -2.76 2.69 -2.95 2.93 2.23
0.24 0.22 0.1
2.91 -2.59 2.43 -3.41 -1.98 -3.22 2.1 -3.31 2.52 1.81
-0.14 0.48 0.04
2.44 -2.9 2.2 -3.66 -2.2 -3.42 1.85 -3.63 2.18 1.51
-0.55 0.38 0.2
2.76 -2.69 2.36 -3.38 -2.06 -3.26 2.14 -3.32 2.41 1.76
-0.32 0.6 0.05
2.5 -2.9 2.2 -3.68 -2.28 -3.56 1.88 -3.61 2.1 1.44
-0.61 0.65 0.01
2.44 -2.86 2.07 -3.77 -2.37 -3.65 1.74 -3.62 2.11 1.33
-0.66 0.72 -0.12
2.38 -3.07 1.95 -3.83 -2.39 -3.65 1.71 -3.79 2.05 1.41
-0.66 0.95 -0.02
2.19 -3.41 1.74 -4.04 -2.64 -3.89 1.53 -4.03 1.79 1.05
0.62 -0.71 -0.1
2.19 -3.24 1.73 -4.13 -2.64 -3.79 1.59 -3.99 1.77 1.12
0.68 -0.65 0.08
2.24 -3.29 1.84 -3.92 -2.66 -3.84 1.49 -4.0 1.86 1.32
0.62 -0.33 0.11
1.91 -3.61 1.38 -4.48 -2.98 -4.17 1.14 -4.32 1.45 0.76
0.35 -0.3 -0.14
1.81 -3.65 1.47 -4.32 -2.96 -4.17 1.29 -4.34 1.45 0.77
0.31 -0.06 0.01
1.62 -3.76 1.18 -4.63 -3.31 -4.47 1.0 -4.6 1.21 0.55
0.18 -0.08 2.4
1.54 -3.98 1.04 -4.75 -3.31 -4.43 0.84 -4.76 1.21 0.42
0.05 0.01 3.4
-4.83 -3.87 1.09 -4.71 -3.33 -4.44 0.79 -4.74 1.37 0.51
-0.12 0.18 2.92
-4.89 -4.08 0.88 -4.85 -3.39 -4.57 0.75 -4.86 -4.95 0.52
-0.03 0.24 1.19
-5.05 -4.19 0.78 -4.97 -3.78 -4.74 0.57 -4.98 -5.08 0.41
-0.08 0.1 1.36
-5.18 -4.31 0.73 -5.12 -3.69 -4.73 0.58 -5.12 -4.99 0.41
0.08 0.13 4.79
-5.29 -4.27 0.57 -5.2 -3.85 -4.81 0.45 -5.16 -5.0 0.73
-0.17 0.22 4.83
-5.1 -4.24 0.72 -5.11 -3.91 -4.55 0.42 -5.13 -4.65 -4.09
0.2 -0.21 4.77
-4.99 -4.09 0.85 -5.02 -3.7 -4.33 0.58 -5.0 -4.29 -3.42
0.2 0.15 2.72
-5.22 -4.34 0.51 -5.21 -3.9 -4.62 0.38 -5.25 -4.46 -3.59
0.16 0.14 1.76
-5.68 -4.56 -0.06 -5.57 -4.24 -4.81 0.07 -5.6 -4.77 -3.79
-0.17 -0.13 2.41
-5.38 -4.36 0.37 -5.3 -3.88 -4.62 0.35 -5.45 -4.35 -3.44
0.28 -0.04 3.31
-5.56 -4.47 0.12 -5.48 -4.08 -4.75 0.17 -5.55 -4.39 -3.6
0.3 0.0 1.69
-5.84 -4.81 -0.1 -5.86 -4.4 -5.07 -0.27 -5.84 -4.58 -3.93
-0.29 0.2 0.53
-5.78 -4.71 -0.03 -5.63 -4.34 -4.88 -0.05 -5.75 -4.49 -3.79
0.18 0.12 2.3
-5.96 -4.72 -0.14 -5.77 -4.51 -4.97 -0.32 -5.86 -4.51 -3.97
-0.08 -0.27 1.67
-5.51 -4.53 0.12 -5.54 -4.05 -4.55 0.07 -5.57 -4.11 -3.56
0.23 0.01 0.25
-5.8 -4.69 -0.03 -5.69 -4.34 -4.85 -0.13 -5.63 -4.44 -3.78
-0.32 0.27 1.35
-5.69 -4.64 -0.05 -5.74 -4.3 -4.76 -0.17 -5.66 -4.28 -3.63
-0.07 -0.15 4.09
-5.31 -4.3 0.39 -5.31 -3.87 -4.35 0.15 -5.45 -3.8 -3.14
0.08 0.08 1.18
-5.43 -4.38 0.13 -5.49 -4.0 -4.36 -0.06 -5.43 -3.94 -3.46
0.03 0.01 0.62
-5.52 -4.47 0.13 -5.57 -4.18 -4.6 -0.23 -5.68 -4.12 -3.61
-0.22 0.19 5.0
-5.43 -4.33 0.15 -5.37 -3.94 -4.4 -2.98 -5.57 -3.88 -3.44
-0.13 0.05 0.73
-5.45 -4.17 0.16 -5.35 -3.87 -4.32 -3.19 -5.41 -3.79 -3.35
-0.19 0.21 3.99
-5.29 -4.14 0.32 -5.19 -3.83 -4.16 -3.28 -5.29 -3.63 -3.3
0.16 -0.07 2.43
-5.42 -4.18 -6.02 -5.27 -3.91 -4.13 -3.3 -5.45 -3.75 -3.41
-0.11 0.02 1.18
-5.13 -4.12 -5.96 -5.08 -3.81 -4.16 -3.16 -5.28 -3.61 -3.27
0.17 0.19 0.88
-5.56 -4.61 -6.51 -5.56 -4.28 -4.54 -3.6 -5.71 -4.04 -3.7
-6.12 6.47 3.66
-5.94 -4.91 -0.47 -6.03 -4.62 -4.91 -3.72 -6.17 -4.32 -3.99
-6.3 6.13 2.89
-5.78 -4.69 -0.57 -5.82 -4.39 -4.58 -3.49 -5.95 -4.19 -3.9
-6.19 6.09 0.95
-5.66 -4.6 -0.4 -5.53 -4.27 -4.41 -3.4 -5.79 -3.99 -3.64
-0.26 -0.25 0.33
-5.23 -4.08 0.06 -5.15 -3.95 -4.03 -2.9 -5.34 -3.42 -3.16
-0.13 -0.1 2.02
-4.86 -3.84 0.38 -4.83 -3.56 -3.58 -2.69 -5.05 -3.22 -2.93
0.09 -0.13 4.33
-4.74 -3.6 -5.72 -4.76 -3.56 -3.64 -2.79 -5.01 -3.13 -3.05
0.2 -0.1 0.87
-4.77 -3.8 -5.87 -4.78 -3.54 -3.71 -2.89 -5.04 -3.36 -3.13
-0.14 -0.01 0.78
-4.64 -3.68 -5.65 -4.56 -3.5 -3.62 -2.72 -4.85 -3.11 -2.87
0.1 0.19 0.52
-4.79 -3.99 -5.9 -4.72 -3.67 -3.8 -2.89 -5.15 -3.38 -3.11
0.28 0.05 1.52
-4.94 -3.94 -6.01 -5.03 -3.86 -3.94 -3.04 -5.3 -3.52 -3.3
-6.06 6.51 2.59
-5.21 -4.41 -6.37 -5.21 -4.23 -4.24 -3.49 -5.56 -3.87 -3.67
-6.39 6.59 1.79
-5.37 -4.57 -6.34 -5.4 -4.37 -4.46 -3.66 -5.67 -4.0 -3.87
-6.31 6.19 2.22
-5.29 -4.53 -0.68 -5.41 -4.35 -4.31 -3.63 -5.76 -4.02 -3.74
-6.25 6.25 3.25
-5.16 -4.45 -2.72 -5.22 -4.2 -4.28 -3.56 -5.63 -3.87 -3.8
-6.45 6.2 1.05
-4.9 -4.09 -2.66 -4.99 -4.03 -4.0 -3.2 -5.39 -3.7 -3.53
-0.14 -0.22 4.45
-4.41 -3.89 -2.72 -4.5 -3.63 -3.64 -3.05 -4.99 -3.28 -3.1
-0.24 0.18 4.46
-4.2 -3.67 -2.84 -4.31 -3.5 -3.49 -2.84 -4.87 -3.21 -3.05
0.17 0.08 0.56
-4.51 -3.91 -3.24 -4.68 -3.89 -3.92 -3.23 -5.06 -3.5 -3.32
-6.17 6.24 0.46
-4.54 -3.97 -3.22 -4.61 -3.94 -3.95 -3.29 -5.16 -3.6 -3.47
-6.35 6.62 2.79
-4.68 -4.25 -3.42 -4.87 -4.1 -4.0 -3.55 -5.22 -3.8 -3.68
-6.09 6.44 2.51
-4.88 -4.48 -3.59 -5.04 -4.39 -4.27 -3.8 -5.59 -4.12 -3.93
-6.23 6.32 3.31
-5.0 -4.67 -3.73 -5.2 -4.55 -4.51 -3.91 -5.68 -4.28 -4.05
-6.42 6.42 0.26
-4.94 -4.56 -3.74 -4.94 -4.46 -4.35 -3.98 -5.65 -4.24 -4.1
-6.51 6.16 0.77
-4.61 -4.44 -3.35 -4.75 -4.29 -4.22 -3.49 -5.31 -3.91 -3.77
-6.42 6.29 3.05
-4.44 -4.2 -3.22 -4.52 -3.94 -3.91 -3.3 -5.1 -3.75 -3.62
-6.16 6.16 2.36
-4.19 -3.92 -3.15 -4.28 -3.85 -3.82 -3.15 -4.78 -3.5 -3.42
-6.27 6.46 0.5
-4.32 -4.17 -3.24 -4.44 -4.17 -3.94 -3.36 -5.07 -3.68 -3.62
-6.47 6.51 1.1
-4.23 -4.16 -3.28 -4.48 -4.08 -4.02 -3.47 -5.14 -3.73 -3.68
-6.18 6.4 2.69
-4.51 -4.34 -3.52 -4.65 -4.18 -4.2 -3.6 -5.14 -3.92 -3.82
-6.33 6.27 0.16
-4.34 -4.26 -3.39 -4.43 -4.15 -4.05 -3.61 -5.14 -3.84 -3.68
-6.27 6.34 0.43
-4.51 -4.41 -3.64 -4.65 -4.43 -4.28 -3.74 -5.25 -3.88 -3.94
-6.13 6.18 0.16
-4.37 -4.27 -3.57 -4.59 -4.32 -4.16 -3.62 -5.16 -3.93 -3.85
-6.11 6.16 0.0
-4.45 -4.5 -3.65 -4.64 -4.41 -4.3 -3.75 -5.23 -3.95 -3.82
-6.12 6.11 -0.09
-4.45 -4.33 -3.34 -4.58 -4.26 -4.07 -3.72 -5.17 -3.9 -3.71
-3.67 3.68 0.04
-4.44 -4.29 -3.43 -4.5 -4.27 -4.17 -3.67 -5.21 -3.88 -3.86
-3.71 3.44 0.04
-4.18 -4.11 -3.15 -4.38 -3.92 -3.81 -3.41 -4.91 -3.64 -3.52
-3.46 3.39 0.07
-4.04 -3.86 -3.12 -4.2 -3.98 -3.83 -3.3 -4.82 -3.5 -3.47
-3.31 3.49 0.26
-4.28 -4.21 -3.33 -4.51 -4.09 -4.03 -3.5 -5.05 -3.72 -3.72
-3.44 3.81 -0.01
-4.36 -4.37 -3.46 -4.54 -4.27 -4.19 -3.59 -5.19 -3.88 -3.77
-3.8 3.96 -0.1
-4.57 -4.44 -3.74 -4.8 -4.39 -4.35 -3.79 -5.3 -4.03 -3.89
-3.9 4.07 0.13
-4.86 -4.75 -3.98 -4.99 -4.68 -4.64 -4.1 -5.6 -4.38 -4.24
-4.15 3.98 -0.06
-4.74 -4.68 -3.77 -4.74 -4.57 -4.47 -3.93 -5.41 -4.19 -4.07
-5.58 5.66 0.16
-4.81 -4.72 -3.89 -5.01 -4.76 -4.58 -4.11 -5.64 -4.42 -4.2
-4.21 4.07 0.05
-4.8 -4.63 -3.82 -4.94 -4.64 -4.55 -4.05 -5.61 -4.27 -4.14
-4.0 4.17 -0.03
-4.93 -4.83 -3.99 -5.15 -4.73 -4.61 -4.06 -5.63 -4.46 -4.31
-5.68 6.03 -0.18
-5.12 -5.11 -4.25 -5.29 -5.02 -4.85 -4.42 -5.89 -4.66 -4.62
-6.1 6.46 2.17
-5.55 -5.42 -4.66 -5.73 -5.48 -5.26 -4.7 -6.28 -5.09 -5.03
-6.35 6.42 4.55
-5.52 -5.51 -4.57 -5.75 -5.44 -5.28 -4.75 -6.38 -5.07 -5.11
-6.19 6.32 3.95
-5.54 -5.6 -4.57 -5.71 -5.56 -5.29 -4.85 -6.64 -5.21 -5.0
-6.53 6.14 4.49
-5.04 -5.25 -4.09 -5.33 -5.27 -4.98 -4.51 -6.24 -4.74 -4.69
-6.34 6.18 0.79
-4.93 -5.07 -4.04 -5.22 -5.13 -4.82 -4.32 -6.19 -4.67 -4.56
-6.39 6.47 4.71
-5.0 -5.25 -4.11 -5.19 -5.27 -5.11 -4.42 -6.37 -4.78 -4.71
-6.44 6.57 2.12
-5.1 -5.34 -4.14 -5.09 -5.34 -5.13 -4.6 -6.39 -4.88 -4.88
-6.19 6.42 4.16
-5.08 -5.55 -4.27 -5.26 -5.55 -5.38 -4.72 -6.75 -5.02 -5.05
-6.06 6.45 3.81
-5.18 -5.85 -4.69 -5.5 -5.82 -5.68 -5.02 -7.54 -5.37 -5.32
-6.08 6.05 2.9
-5.19 -5.86 -4.54 -5.39 -5.74 -5.61 -5.08 -8.01 -5.32 -5.24
-6.27 6.51 2.76
-5.25 -6.12 -4.69 -5.45 -5.99 -5.75 -5.14 -8.66 -5.65 -5.44
-6.17 6.15 3.49
-5.0 -6.09 -4.64 -5.1 -6.07 -5.65 -5.14 -8.87 -5.43 -5.42
-6.51 6.26 4.89
-4.44 -5.76 -4.19 -4.4 -5.73 -5.4 -4.71 -2.54 -5.18 -5.17
-6.13 6.21 0.77
-4.59 -6.05 -4.44 -4.64 -6.06 -5.56 -4.91 -2.77 -5.41 -5.28
-6.03 6.35 4.7
-4.6 -6.42 -4.58 -4.53 -6.27 -5.97 -5.24 -3.11 -5.6 -5.63
-6.47 6.2 3.46
-4.06 -5.95 -4.2 -3.84 -5.96 -5.42 -4.81 -2.81 -5.36 -5.21
-6.37 5.94 1.05
-3.78 -5.62 -3.87 -3.56 -5.68 -5.27 -4.44 -2.58 -4.93 -4.81
-6.45 6.12 0.86
-3.48 -5.47 -3.69 -3.43 -5.52 -4.94 -4.25 -2.33 -4.78 -4.77
-6.26 6.17 4.9
-3.42 -5.4 -3.61 -3.26 -5.33 -4.8 -4.11 -2.4 -4.66 -4.62
-6.21 6.33 0.8
-3.56 -5.49 -3.7 -3.36 -5.45 -4.82 -4.28 -2.41 -4.77 -4.68
-6.21 6.16 3.94
-3.57 -5.36 -3.62 -3.18 -5.35 -4.78 -4.2 -2.59 -4.62 -4.69
-6.33 6.43 0.39
-3.65 -5.42 -3.79 -3.44 -5.56 -4.9 -4.31 -2.71 -4.73 -4.73
-6.1 6.44 4.34
-3.66 -5.58 -4.01 -3.66 -5.72 -5.05 -4.52 -2.99 -5.03 -5.0
-6.37 6.08 2.49
-3.41 -5.22 -3.66 -3.36 -5.44 -4.8 -4.15 -2.76 -4.62 -4.59
-6.42 6.26 2.47
-3.31 -5.06 -3.47 -3.18 -5.16 -4.53 -4.05 -2.64 -4.52 -4.63
-6.16 6.48 3.03
-3.52 -5.35 -3.89 -3.49 -5.5 -4.67 -4.2 -2.93 -4.72 -4.79
-6.27 6.37 4.81
-3.62 -5.25 -3.79 -3.43 -5.46 -4.72 -4.28 -3.01 -4.68 -4.76
-6.3 6.15 0.46
-3.55 -5.26 -3.88 -3.34 -5.41 -4.58 -4.06 -3.0 -4.45 -4.65
-6.39 6.1 0.04
-3.18 -4.86 -3.41 -3.15 -5.1 -4.26 -3.84 -2.67 -4.27 -4.37
-6.42 6.21 3.7
-2.95 -4.49 -3.23 -2.84 -4.8 -3.98 -3.57 -2.54 -3.96 -4.1
-6.34 5.97 1.96
-2.73 -4.21 -2.91 -2.72 -4.51 -3.64 -3.26 -2.21 -3.59 -3.76
-6.42 6.05 3.62
-2.47 -3.76 -2.6 -2.32 -4.09 -3.4 -3.02 -2.02 -3.36 -3.42
-6.2 6.03 3.21
-2.29 -3.59 -2.55 -2.32 -3.92 -3.12 -2.92 -1.87 -3.3 -3.33
-6.47 6.45 2.52
-2.36 -3.63 -2.59 -2.31 -3.89 -3.21 -2.85 -1.92 -3.2 -3.27
-6.45 6.29 4.44
-2.18 -3.34 -2.4 -2.13 -3.59 -3.01 -2.8 -1.82 -3.06 -3.15
-6.54 6.27 2.54
-2.01 -3.17 -2.09 -1.93 -3.42 -2.75 -2.47 -1.6 -2.78 -2.88
-6.25 6.36 1.89
-2.06 -3.14 -2.27 -2.03 -3.39 -2.87 -2.58 -1.67 -2.82 -2.88
-6.48 6.5 1.86
-2.1 -3.08 -2.27 -2.1 -3.49 -2.91 -2.53 -1.75 -2.98 -2.91
-6.46 6.27 0.92
-1.93 -2.99 -1.95 -1.9 -3.26 -2.67 -2.44 -1.48 -2.61 -2.74
-6.33 6.57 3.29
-2.25 -3.06 -2.28 -2.15 -3.41 -2.84 -2.61 -1.79 -2.92 -3.02
-6.56 6.34 2.69
-2.03 -2.98 -2.08 -1.97 -3.3 -2.73 -2.45 -1.7 -2.73 -2.74
-6.08 6.17 3.62
-2.01 -3.02 -2.17 -2.03 -3.19 -2.75 -2.48 -1.67 -2.65 -2.74
-6.42 6.1 0.05
-1.85 -2.69 -1.81 -1.84 -2.92 -2.46 -2.16 -1.46 -2.42 -2.56
-0.29 -0.1 4.32
-1.58 -2.46 -1.6 -1.52 -2.66 -2.18 -1.91 -1.17 -2.17 -2.13
-6.15 6.39 4.39
-1.89 -2.8 -1.84 -1.8 -2.98 -2.54 -2.19 -1.54 -2.55 -2.42
-0.24 -0.11 1.34
-1.51 -2.32 -1.54 -1.46 -2.58 -2.03 -1.74 -1.12 -2.01 -2.17
-0.17 0.29 4.14
-1.72 -2.59 -1.66 -1.64 -2.64 -2.21 -1.98 -1.3 -2.22 -2.13
-0.08 -0.12 2.66
-1.45 -2.25 -1.52 -1.44 -2.42 -1.99 -1.72 -1.14 -1.86 -2.05
-0.09 0.11 2.9
-1.43 -2.28 -1.38 -1.38 -2.39 -1.95 -1.65 -1.09 -1.94 -1.88
-0.16 0.11 4.32
-1.42 -2.2 -1.42 -1.39 -2.35 -1.97 -1.53 -1.17 -1.88 -1.95
0.11 0.09 1.61
-1.44 -2.37 -1.42 -1.52 -2.4 -2.12 -1.77 -1.12 -2.01 -2.1
-0.22 -0.2 -0.08
-1.17 -1.96 -1.1 -1.19 -2.06 -1.72 -1.41 -0.85 -1.74 -1.7
-0.05 0.16 0.16
-1.28 -2.06 -1.26 -1.25 -2.16 -1.79 -1.45 -0.87 -1.76 -1.79
-0.01 -0.22 0.7
-1.13 -1.8 -1.05 -1.06 -2.04 -1.67 -1.42 -0.73 -1.64 -1.55
-0.23 0.3 0.04
-1.06 -1.88 -0.94 -1.1 -1.98 -1.57 -1.2 -0.88 -1.63 -1.52
-2.27 2.29 -0.06
-1.04 -1.81 -0.91 -1.04 -1.89 -1.47 -1.28 -0.74 -1.48 -1.57
-2.2 1.88 0.03
-0.75 -1.5 -0.67 -0.65 -1.66 -1.23 -0.91 -0.31 -1.26 -1.17
0.04 -0.16 -0.14
-0.74 -1.5 -0.58 -0.66 -1.6 -1.28 -1.01 -0.53 -1.16 -1.27
-0.28 0.13 0.09
-0.55 -1.36 -0.5 -0.6 -1.53 -1.14 -0.75 -0.24 -1.05 -1.12
-0.11 0.21 1.75
-0.59 -1.46 -0.57 -0.51 -1.6 -1.07 -0.89 -0.31 -1.1 -1.07
-0.31 -0.14 4.44
-0.1 -1.04 -0.12 -0.17 -1.21 -0.75 -0.3 0.13 -0.69 -0.64
-0.01 0.15 0.06
-0.37 -1.1 -0.13 -0.24 -1.23 -0.9 -0.47 0.14 -0.73 -0.84
-0.2 0.07 2.89
-0.18 -0.94 -0.1 -0.23 -1.11 -0.81 -0.4 0.23 -0.7 -0.66
-0.11 -0.19 3.29
0.05 -0.82 0.21 0.04 -0.97 -0.55 -0.24 0.45 -0.53 -0.43
-0.18 -0.17 3.57
0.36 -0.62 0.51 0.38 -0.49 -0.21 0.19 0.86 -0.23 -0.13
-0.18 -0.08 1.1
0.69 -0.28 0.83 0.75 -0.36 0.18 0.52 1.19 0.11 0.1
0.19 0.05 2.96
0.59 -0.37 0.71 0.62 -0.56 -0.07 0.34 1.15 -0.03 0.02
0.08 0.22 2.54
0.32 -0.82 0.47 0.28 -0.76 -0.39 -0.01 0.83 -0.37 -0.39
0.05 0.15 4.07
0.14 -0.9 0.21 0.17 -1.1 -0.51 -0.2 0.83 -0.42 -0.59
0.06 -0.2 4.79
0.3 -0.85 0.44 0.28 -0.93 -0.51 -0.05 1.12 -0.38 -0.41
-0.02 0.1 4.91
0.3 -0.93 0.47 0.39 -0.97 -0.48 -0.02 1.38 -0.41 -0.39
0.22 -0.16 0.88
0.33 -0.96 0.45 0.38 -1.07 -0.65 -0.07 1.26 -0.43 -0.45
-0.19 -0.14 0.26
0.65 -0.82 0.66 0.66 -0.75 -0.4 0.13 1.63 -0.22 -0.26
0.09 -0.11 4.04
0.87 -0.69 0.84 0.92 -0.69 -0.25 0.33 1.88 -0.07 0.02
-0.09 0.25 1.46
0.8 -0.76 0.93 0.89 -0.72 -0.28 0.32 1.95 -0.09 -0.11
-0.14 0.04 2.23
1.05 -0.63 0.94 1.15 -0.73 -0.21 0.38 2.04 -0.01 0.02
-0.02 -0.01 1.25
1.13 -0.58 1.03 1.28 -0.67 -0.14 0.39 2.12 -0.01 0.08
-0.22 0.18 2.84
1.13 -0.61 1.03 1.35 -0.65 -0.18 0.53 2.21 -0.01 0.05
0.3 0.17 0.35
0.76 -1.1 0.55 0.9 -1.18 -0.63 -0.0 1.78 -0.54 -0.47
0.05 -0.23 2.56
1.07 -1.03 0.88 1.38 -0.88 -0.53 0.34 2.11 -0.24 -0.2
0.11 0.23 5.13
0.98 -1.48 0.55 1.2 -1.4 -0.9 -0.08 1.95 -0.64 -0.74
-0.28 -0.16 0.35
1.28 -1.09 0.91 1.52 -0.99 -0.58 0.34 2.23 -0.24 -0.29
0.1 -0.06 4.75
1.61 -1.24 1.03 1.8 -0.96 -0.48 0.38 2.3 -0.26 -0.19
0.21 0.24 2.36
1.28 -1.65 0.65 1.61 -1.49 -1.08 -0.09 2.02 -0.71 -0.61
-0.07 0.18 3.69
1.43 -1.79 0.64 1.61 -1.68 -1.17 -0.17 -4.29 -0.88 -0.96
0.13 0.13 0.74
0.95 -2.23 0.23 1.3 -2.06 -1.66 -0.65 -4.62 -1.39 -1.25
0.04 0.18 4.4
1.23 -2.48 0.17 -4.77 -2.17 -1.88 -0.81 -4.68 -1.55 -1.4
0.11 -0.2 1.76
1.18 -2.45 0.11 -4.64 -2.39 -1.96 -0.81 -4.69 -1.66 -1.47
-0.3 -0.02 1.31
1.59 -2.26 0.39 -4.42 -2.04 -1.77 -0.72 -4.22 -1.28 -1.24
-0.22 0.05 2.89
-4.32 -2.05 0.68 -4.1 -1.91 -1.75 -0.47 -4.08 -1.32 -1.08
0.22 -0.19 1.09
-4.19 -2.12 0.64 -3.97 -1.86 -1.73 -0.47 -4.09 -1.25 -1.01
-0.1 0.12 2.17
-4.15 -2.1 0.82 -3.98 -1.88 -1.68 -0.43 -4.03 -1.23 -1.12
0.07 -0.25 0.27
-3.95 -1.98 0.91 -3.68 -1.76 -1.6 -0.36 -3.78 -1.14 -0.97
0.19 -0.05 3.99
-3.82 -2.1 0.9 -3.74 -1.92 -1.85 -0.39 -3.75 -1.3 -1.08
0.13 -0.11 4.17
-3.62 -2.18 1.12 -3.56 -1.89 -1.82 -0.51 -3.79 -1.34 -1.2
0.01 0.1 2.75
-3.74 -2.38 1.02 -3.64 -2.0 -2.11 -0.63 -3.92 -1.74 -1.39
0.03 -0.01 4.34
-3.75 -2.52 1.1 -3.73 -2.21 -2.4 -0.99 -3.95 -1.9 -1.56
0.03 -0.12 -0.05
-3.83 -2.61 1.16 -3.78 -2.21 -2.3 -0.91 -3.93 -1.79 -1.58
0.15 0.26 2.98
-4.12 -3.04 0.9 -4.13 -2.67 -2.76 -1.46 -4.29 -2.28 -2.01
-0.25 -0.01 1.52
-3.98 -2.81 1.16 -3.82 -2.55 -2.68 -1.43 -4.07 -2.15 -1.89
0.04 -0.11 2.44
-3.85 -2.72 1.26 -3.84 -2.48 -2.64 -1.56 -3.93 -2.14 -1.91
-0.02 0.2 3.67
-3.98 -2.98 -4.91 -4.0 -2.74 -2.83 -1.99 -4.07 -2.5 -2.2
0.05 -0.06 0.38
-3.93 -2.88 -4.78 -3.91 -2.67 -2.87 -1.83 -4.12 -2.46 -2.08
-0.23 -0.12 0.23
-3.5 -2.58 -4.45 -3.61 -2.39 -2.46 -1.64 -3.78 -1.99 -1.71
0.2 0.13 0.02
-3.77 -2.83 -4.75 -3.87 -2.6 -2.64 -1.88 -4.0 -2.35 -2.04
-1.61 1.56 0.05
-3.63 -2.69 -4.47 -3.64 -2.42 -2.61 -1.63 -3.87 -2.12 -1.87
-1.53 1.44 0.05
-3.74 -2.74 -4.6 -3.72 -2.47 -2.6 -1.78 -3.97 -2.07 -2.0
-1.61 1.52 0.13
-3.79 -2.72 -4.68 -3.8 -2.55 -2.76 -1.9 -4.04 -2.33 -2.07
-1.65 1.22 0.17
-3.43 -2.41 -4.38 -3.54 -2.23 -2.44 -1.5 -3.66 -1.98 -1.71
